2905,45.22,-2865.8
2899.5,34.986,-2865.7
2886.9,31.899,-2866.3
2897.3,17.249,-2872
2893.5,23.33,-2873.7
2899.5,31.747,-2842.7
2905,39.237,-2862.2
2872.5,38.518,-2829.4
2856.5,22.764,-2825.4
2851.7,25.782,-2829.7
2839.5,14.302,-2797.8
2824.7,23.734,-2791.4
2813.9,29.777,-2752.9
2787.9,48.437,-2767.8
2755.9,31.713,-2725.9
2729.5,32.902,-2700.3
2738.8,48.863,-2693.3
2692.1,24.746,-2688
2713.2,24.976,-2680.6
2709.7,21.837,-2677.6
2713.6,26.011,-2682.1
2701.4,40.038,-2688.1
2712.4,29.269,-2656.2
2714.1,36.181,-2691.6
2716.1,28.431,-2668.1
2718.6,32.48,-2668.4
2694.6,49.029,-2687.7
2705.7,28.868,-2672.3
2701.4,17.579,-2639.1
2703.8,36.764,-2682.3
2710.1,35.731,-2670.6
2709.5,29.001,-2676.3
2713.3,39.391,-2672.6
2711.8,35.683,-2680.8
2713.1,25.309,-2668.6
2695.6,47.637,-2670.3
2706,33.973,-2681.8
2712.2,26.061,-2668.5
2720.1,15.571,-2683.3
2701.5,33.619,-2681
2707.6,14.385,-2674.8
2727.1,38.72,-2687.8
2685,20.792,-2682.2
2707.2,40.683,-2674.1
2705.1,29.907,-2655.5
2701.8,31.256,-2651
2707.4,21.419,-2650.2
2717,14.904,-2683.9
2700.3,11.993,-2666.5
2686.4,25.985,-2676.9
2710.2,45.804,-2677.1
2719.5,41.091,-2690.4
2718.3,31.407,-2688.1
2726.4,41.872,-2654.5
2711.3,36.225,-2669.7
2703.3,37.406,-2674.8
2725.2,25.706,-2657
2722.4,26.787,-2664.9
2707.7,27.648,-2674.1
2719.1,33.791,-2666.3
2687.5,32.652,-2663.2
2692,38.487,-2687.1
2709.6,39.509,-2693.1
2720.8,44.733,-2695.8
2697.6,27.993,-2656.2
2704,56.338,-2657.1
2702.1,51.63,-2653
2702.2,52.51,-2637.4
2692.1,49.6,-2621.7
2679.8,56.504,-2611.3
2679,65.889,-2597.3
2693.7,86.498,-2607.8
2659.9,78.172,-2599.9
2651.2,87.021,-2571.5
2656.2,97.539,-2565
2664.8,100.1,-2546.6
2615.1,102.36,-2538.2
2635.8,117.04,-2517.6
2614.4,122.46,-2499
2612,124.78,-2486.9
2618.4,136.01,-2481.9
2606.6,133.4,-2468.9
2611.6,161.06,-2441.5
2581.3,161.72,-2410.4
2579,164.9,-2403.5
2552.3,183.77,-2400.7
2562.6,175.61,-2370.8
2547.8,188.01,-2364.3
2551.2,178.45,-2347.8
2543.7,208.02,-2363.9
2540.4,210.53,-2321.3
2537.6,217.62,-2295.3
2493.9,220.31,-2308.8
2503.4,222.61,-2279.7
2487.2,224.98,-2279.8
2510.4,235.46,-2245.2
2493.6,251.95,-2237.8
2476.3,235.24,-2209.6
2454.3,236.21,-2204.5
2438.4,273.62,-2204.8
2440.6,255.42,-2167.2
2442.4,283.62,-2155.9
2454.5,270.26,-2182.8
2461.1,264.17,-2182.9
2450,269.95,-2171.7
2456.7,275.86,-2203.2
2458.4,269.5,-2180.6
2469.2,270.15,-2173.6
2465.6,269.49,-2173.4
2455.9,276.22,-2180.7
2460.9,264.35,-2148.9
2462.6,270.49,-2170.5
2463.5,276.63,-2174.9
2451.9,266.33,-2184
2450.7,258.73,-2166.3
2446.5,275.85,-2181
2442.5,284.98,-2192.9
2457.8,269.13,-2169.1
2456.4,271.03,-2186.9
2447.4,277.06,-2166.5
2457.4,248.18,-2191.1
2460.9,275.02,-2167.8
2453.5,285.38,-2159.4
2441.6,275.02,-2172
2449.2,279.46,-2182
2444.6,275.67,-2200.2
2458.2,277.35,-2176.3
2461.3,254.74,-2181.3
2439.3,272.13,-2157.2
2445.5,269.96,-2199.2
2448,271.76,-2179.4
2444.2,275.81,-2194.7
2452.4,276.51,-2185.4
2455.1,263.63,-2176.7
2452.7,256.75,-2188.7
2455.3,273.28,-2177.3
2447.2,259.82,-2182.7
2436.2,284.4,-2142.1
2405.2,280.27,-2148
2369.5,279.47,-2098.6
2340.3,293.54,-2050
2342.4,290.6,-2034.4
2312.5,286.2,-2012.3
2315.4,304.76,-1980.9
2199.8,304.12,-1890.5
2186.2,328.84,-1860.5
2146,332.71,-1800.8
2107.4,333.14,-1757.6
2039.8,356.45,-1675.4
2006.3,363.41,-1654.8
1969,363.84,-1608.2
1935.9,370.19,-1572.3
1943.8,362.33,-1558.1
1953.7,375.6,-1568.4
1956.5,381.07,-1540.5
1936.2,373.82,-1585.3
1934.5,390.88,-1579.2
1946.5,378.97,-1575.1
1932.6,382.9,-1565.9
1930.5,382.71,-1581.3
1953.1,387.96,-1545
1926.8,385.63,-1571.7
1944.4,380.64,-1555
1960,363.77,-1571
1923.1,362.55,-1564.7
1956.8,366.5,-1558.5
1937.6,369.94,-1551.3
1959.8,376.24,-1586.3
1952.9,378.98,-1562.4
1945.7,365.55,-1575.6
1935.4,372.16,-1564.9
1902,370.65,-1509
1822.2,394.69,-1455.9
1774.7,392.52,-1381
1738.1,398.46,-1352
1640.2,391.97,-1270.3
1435.7,429.03,-1013.2
1393.2,411.96,-968.05
1348.5,416.79,-924.2
1233.1,445.85,-783.46
1169.7,473.76,-722.04
1061.1,453.56,-633.7
1065.4,455.52,-617.6
1016.3,463.8,-516.8
928.15,478.35,-483.19
878.82,468.68,-416.99
727.42,496.27,-210.75
718.12,503.21,-195.41
618.81,505.57,-103.21
598.14,514.69,-80.627
581.76,526.28,-48.836
542.56,513.43,-7.1714
501.45,526.67,38.257
474.58,527.81,48.701
445.91,542.76,76.854
393.6,544.54,131.05
326.12,556.05,223.96
287.54,553.29,245.33
261.73,569.35,291.99
223.74,578.51,356.9
177.32,563.88,360.27
179.54,588.67,406.82
107.09,589.47,486.34
82.354,590.89,511.27
58.212,588.08,542.7
41.347,613.52,584.62
-61.669,636.12,676.09
-97.486,631.09,723.18
-162.6,637.26,780.59
-169.56,644.31,815.9
-230.81,641.88,885.97
-281.82,677.96,930.81
-310.52,670.5,989.68
-374,683.75,1049.2
-400.81,668.8,1113.1
-480.12,722.96,1202.4
-590.84,730.04,1316.5
-644.61,754.49,1408.4
-757.18,782.67,1517.4
-762.49,791,1531.3
-757.87,782.77,1527.4
-746.39,774.95,1540.9
-779.44,781.43,1533.6
-742.21,775.44,1543.5
-751.46,784.55,1540.3
-765.5,783.03,1540.3
-743.86,776.28,1535.7
-755.26,759.7,1534.1
-769.34,782.55,1526.9
-744.8,763.85,1526
-737.29,770.98,1535.6
-756.14,777.19,1523.6
-738.29,781.52,1527.5
-738.09,796.7,1526.9
-857.89,778.83,1622.8
-857.25,764.34,1625
-892.62,743.15,1653.9
-952.93,743.87,1677.8
-954.6,754.29,1708.5
-1033.9,750.69,1768.5
-1115.1,727.09,1859.4
-1221.7,707.32,1927
-1218.9,710.33,1915.4
-1212.9,718.56,1931.7
-1213.3,713.25,1921.1
-1211,692.79,1937.5
-1208.7,707.71,1916.3
-1204.4,711.64,1921.5
-1220,708.25,1915.9
-1198.3,723.37,1936.3
-1207.1,710.06,1916.3
-1211.5,714.72,1904.6
-1220.9,701.73,1919.3
-1203,711.33,1917.7
-1208.3,727.01,1908.9
-1208.6,707.46,1949.3
-1223,703.67,1930.6
-1218.4,713.4,1930.1
-1194.3,719.78,1921.3
-1223.4,708.28,1925
-1211.4,716.06,1928.6
-1220.8,719.04,1930
-1208.3,712.75,1930.3
-1218.6,715.1,1944.6
-1210.8,702.09,1945.4
-1206.9,704.31,1925.5
-1211.1,699.7,1920.9
-1221.2,719.49,1947.8
-1217.3,707.62,1931
-1219.2,705.93,1909.2
-1202.8,722.31,1946.5
-1215.8,720.91,1938.7
-1206.6,726.42,1959.1
-1210.1,728.7,1932.2
-1195.2,711.49,1950.2
-1198.5,720.21,1932.9
-1211,715.97,1931.6
-1209.2,719.79,1914.4
-1214.9,697,1908.4
-1212.8,724.3,1927.7
-1217.6,705.71,1954.6
-1211.5,725.44,1907.6
-1206.4,699.84,1921.7
-1226.9,728.05,1909.9
-1230,721.29,1931
-1225.1,733.51,1928.2
-1228.6,719.06,1933.3
-1226.8,708.95,1925.7
-1201.7,727.15,1930.3
-1226.6,725.93,1935.3
-1215.7,730.75,1949.1
-1233,697.01,1903.9
-1221.6,727.49,1924.2
-1207.4,721.59,1943.4
-1183.6,736.11,1924.7
-1226.3,715.56,1922.6
-1218.2,718.62,1929.5
-1207.3,705.06,1931.8
-1195.4,707.83,1936.2
-1215.6,699.62,1926.1
-1222,722.95,1925.9
-1227.9,720.48,1930.5
-1223,711.11,1937.3
-1221.7,699.06,1944.9
-1212,711.85,1922.5
-1214.6,718.44,1922.3
-1220.5,724.38,1941.5
-1218,724.35,1939.2
-1217.7,736.41,1929.3
-1216.7,702.54,1939
-1196.3,693.84,1929.8
-1220.2,692.03,1929.5
-1221.4,710.48,1945.7
-1211,720.43,1925.1
-1210.7,736.45,1933.2
-1226.5,723.32,1957.1
-1219.7,718.94,1921.6
-1213.7,729.4,1923.2
-1216.7,717.69,1937
-1227.3,714.8,1942.8
-1228.1,722.56,1942.5
-1209.6,722.16,1934.3
-1209.9,702.05,1902.5
-1170.2,676.94,1875.9
-1164.3,633.19,1772.8
-1065.6,584.25,1676.9
-1050.3,587.37,1652.9
-1062.9,573.97,1645
-1058.6,575.9,1642.2
-1052.8,576.86,1640.1
-1080.1,571.11,1650.6
-1076.2,590.74,1651
-1069.9,595.97,1632.5
-1041.7,575.64,1634
-1073.2,579.23,1620.5
-1052.9,576.47,1640.9
-1065.8,568.5,1633.2
-1059.4,553.32,1636.3
-1060.4,569.27,1654.6
-1059.4,570.19,1643
-1072.3,583.66,1625.1
-1054.6,578.64,1636.5
-1054.5,587.83,1653
-1069.5,553.75,1623.3
-1057.8,590.27,1627.2
-1053,562.77,1639.5
-1053.7,576.92,1641.4
-1046.9,582.76,1634.2
-1045.4,595.32,1639.4
-1068,567.06,1648.4
-1066.3,558.92,1632.9
-1061.2,575,1631.6
-1051,580.33,1647.6
-1050.5,603.09,1646.8
-1071.5,574.21,1632.2
-1046.2,591.53,1649.1
-1058.4,590.56,1644.7
-1047.7,600.78,1634.8
-1041,595.01,1651
-1052,580.93,1642.6
-1052.1,581.11,1643.3
-1060.9,576.16,1637.3
-1060.7,594.65,1647.2
-1064.6,601.92,1632.3
-1057.9,574.47,1634
-1057.1,575.95,1631.6
-1066.3,592.28,1622.6
-1062.1,579,1647
-1074.7,581.67,1637.6
-1040.1,578.94,1647.4
-1063.9,572.39,1638.6
-1055.9,581.3,1632.9
-1084.4,601.45,1627.5
-1073.4,585.96,1635.2
-1058.7,572.93,1634.4
-1062.9,576.77,1617.5
-1066.6,571.7,1641.3
-1069.6,566.94,1634.8
-1097.6,495.97,1576.4
-1128.6,473.47,1601.3
-1130.8,426.94,1562.6
-1134.5,394.4,1528.1
-1167.2,342.71,1509.8
-1180.5,293.68,1495
-1221.7,213.4,1437.2
-1246.6,156.28,1421
-1283.3,114.13,1392.1
-1280.3,93.065,1382.7
-1319.2,53.013,1371.8
-1317.3,48.629,1338.5
-1337.3,-1.8302,1320.8
-1373,-47.452,1311.8
-1378.6,-89.331,1296.2
-1390.6,-137.54,1254.4
-1429.5,-131.72,1255.3
-1452.8,-231.79,1247.6
-1461.6,-261.34,1195.4
-1487,-276.81,1188
-1539,-351.96,1162.1
-1528.7,-385.11,1158.6
-1546.2,-448.09,1117.1
-1564.5,-470.89,1110
-1581.4,-482.07,1094.7
-1635.8,-581.26,1045.6
-1648.7,-609.12,1034.4
-1713.9,-711.18,973.71
-1723.1,-724.95,978.78
-1716.9,-735.15,962.05
-1717.6,-748.1,994.39
-1704,-719.55,982.85
-1698.4,-730,1005.8
-1694.9,-728.59,988.07
-1679.2,-722.28,995.96
-1715.5,-731.61,981.9
-1714.4,-742.4,982.52
-1697.5,-723.05,984.23
-1725.6,-715.98,968.18
-1698.4,-729.23,988.04
-1717.3,-719,980.99
-1708,-739.84,984.42
-1718.9,-735.85,962.67
-1689.6,-730.94,991.81
-1695,-731.82,970.5
-1704.5,-723.56,988.69
-1716,-728.26,982.24
-1719.3,-728.2,1003.3
-1724.4,-710.92,971.82
-1713.6,-721.04,988.12
-1709,-720.25,989.5
-1721.8,-721.3,988.67
-1714.7,-726.93,985.84
-1710.4,-738.03,979.23
-1717.2,-716.18,975.24
-1728.6,-738.28,1000.9
-1706.1,-736.95,997.83
-1708.8,-724.9,1002
-1710,-736.54,995.06
-1724.4,-732.49,980.08
-1699.8,-711.16,983.1
-1721.9,-733.76,982.32
-1705.4,-725.5,971.6
-1713.3,-733.72,987.42
-1717.6,-764.05,988.68
-1704.1,-732.82,991.34
-1709.6,-714.34,986.95
-1705,-733.12,963.98
-1736.9,-737.86,974.14
-1709.1,-748.27,997.82
-1714.7,-717.76,982.92
-1700.7,-734.26,980.3
-1708.8,-715.31,997.45
-1705,-749.01,982.39
-1645.3,-763.57,893.06
-1614.5,-746.85,870.69
-1601.2,-760.65,830.5
-1548.6,-771.83,794.6
-1547.7,-780.45,761.28
-1427.8,-770.17,649.8
-1403.5,-800.69,618.32
-1378.6,-795.47,585.68
-1351.6,-789.1,545.99
-1308.5,-791.38,495.26
-1262.1,-796.77,466.02
-1235.9,-801.8,451.84
-1208.4,-787.14,413.79
-1187.3,-803.68,377.42
-1121.8,-797.14,312.15
-1111.1,-808.7,311.14
-1101.4,-811.27,273.86
-1098.9,-807.16,267.94
-1058,-813.94,249.05
-1026.7,-837.22,219.88
-955.75,-823.45,113.25
-918.71,-824.21,70.87
-888.51,-826.09,86.8
-877.83,-826.9,53.418
-880.85,-833.68,47.078
-842.25,-836.53,22.253
-801,-816.41,-42.726
-772.97,-835.72,-76.445
-740.8,-821.77,-83.476
-701.17,-823.46,-143.89
-666.56,-849.52,-162.07
-637.86,-817.13,-187.8
-572.65,-822.87,-271.46
-545.2,-820.77,-282.88
-474.6,-833.32,-363.52
-452.77,-822.81,-368.84
-440.86,-822.91,-375.52
-443.88,-830.05,-367.08
-470.88,-831.39,-370.78
-442.67,-833.58,-385.55
-444.95,-834.37,-378.67
-450.36,-839.28,-394.46
-436.68,-828.79,-377.4
-434.64,-829.5,-370.78
-436.46,-836.47,-362.1
-429.32,-826.39,-380.17
-439.34,-817.69,-369.67
-442.38,-824.9,-377.09
-469.99,-823.28,-368.93
-451.57,-822.28,-367.82
-458.51,-811.96,-389.05
-457.63,-836.11,-373.13
-454.47,-835.97,-379.07
-458.75,-818.36,-381.57
-439.49,-828.39,-367.72
-458.69,-842.02,-363.25
-451.87,-820.72,-381.82
-453.23,-834.08,-372.33
-450.25,-819.74,-387.3
-471.88,-836.34,-398.35
-456.64,-832.19,-387.57
-441.28,-829.11,-371.64
-445.81,-848.92,-391.83
-445.86,-833.82,-372.32
-452.96,-838.73,-379.83
-440.12,-800.49,-372.47
-448.33,-844.93,-387.21
-455.72,-817.08,-376.81
-436.61,-839.29,-357.44
-458.62,-817.67,-397.14
-457.07,-816.81,-381.12
-448.52,-836.29,-381.67
-463.91,-823.73,-367.45
-459.65,-833.27,-383.48
-457.49,-822.35,-384.35
-437.74,-821.83,-378.85
-452.99,-824.66,-372.99
-444.36,-825.34,-394.73
-441.78,-836.28,-391.31
-439.36,-840.19,-392.37
-464.17,-835.41,-375.4
-439.31,-841.22,-381.97
-459.81,-818.35,-379.29
-441.37,-836.77,-385.72
-458.89,-846.69,-369.86
-440.27,-818.31,-381.99
-452.27,-846.15,-375.95
-452.05,-832.59,-394.45
-457.17,-816.39,-366.09
-433.27,-837.51,-384.37
-455.91,-832.35,-385.41
-440.94,-823.41,-370.12
-455.17,-839.51,-374.87
-452.14,-809.42,-373.16
-443.03,-840.44,-390.23
-468.44,-824.1,-368.25
-455.91,-826.78,-371.25
-444.3,-852.71,-384.21
-454.15,-828.9,-376.64
-441.25,-823.88,-384.37
-466.63,-818.14,-376.87
-468.2,-828.75,-373.8
-433.12,-823.84,-379.47
-438.22,-827.65,-382.06
-436.69,-833.03,-381.26
-465.43,-842.69,-377.29
-445.26,-832.92,-368.54
-458.8,-834.33,-396.52
-449.8,-836.22,-373.72
-444.1,-834.81,-388.87
-468.57,-829.85,-378.37
-450,-830.14,-379.49
-440.54,-831.82,-381.12
-453.83,-817.56,-369.4
-450.12,-834.36,-392.52
-442,-835.94,-364.54
-431.82,-817.66,-364.97
-442.32,-846.34,-371.51
-460.78,-822.34,-387.76
-454.33,-843.98,-385.18
-446.8,-838.21,-381.09
-444.05,-832.63,-377.42
-435.08,-844.41,-390.22
-465.27,-816.22,-371.43
-440.78,-812.57,-373.3
-460.66,-830.41,-383.01
-440.02,-838.72,-385.56
-448.89,-841.56,-388
-474.14,-831.09,-380.51
-453.19,-831.02,-394.29
-443.64,-836.2,-367.3
-479.88,-802.11,-326.27
-572.52,-748.63,-169.22
-582.25,-755.15,-165.55
-624.88,-705.82,-112.11
-667.91,-657.78,6.8763
-716.96,-616.43,100.43
-741.79,-583.82,151.64
-753.27,-577.41,182.85
-768.99,-583.28,188.52
-750.26,-568.35,200.5
-754.24,-565.83,192.95
-759.82,-576.4,199.83
-751.3,-575.47,203.35
-738.74,-571.33,189.5
-753.25,-575.39,205.92
-748.57,-570.52,188.77
-768.74,-565.02,184.07
-770.29,-565.9,194.75
-755.87,-550.73,184.44
-753.9,-557.87,189.38
-749.73,-532.67,195.08
-755.79,-561.5,200.46
-749.77,-569.8,186.62
-759.69,-558.37,187.51
-749.28,-584.33,196.56
-741.4,-566.17,189.19
-754.83,-567.36,195.12
-756.41,-552.89,192.02
-755.21,-560.18,193.37
-757.05,-577.19,182.44
-758.51,-576.16,184.64
-767.32,-566.86,189.9
-761.43,-575.29,189.44
-755.58,-565.74,186.56
-769.59,-556.7,188.91
-755.61,-570.38,195.71
-751.57,-573.88,206.33
-754.07,-559.43,191.17
-754.97,-561.49,180.72
-757.42,-565.04,189.16
-744.77,-558.7,209.27
-754.09,-575.56,188.52
-770.51,-576.08,216.5
-751.6,-559.62,201.29
-766.56,-579.8,202.6
-762.49,-558.62,205.68
-767.07,-554.43,206.36
-732.67,-568.95,205.6
-747.87,-560.92,199.72
-747.56,-567.06,180.05
-757.67,-550.58,195.97
-758.72,-578.52,178.56
-751.32,-558.24,182.37
-768.01,-556.84,182.71
-763.49,-554.95,204.07
-751.46,-558.08,197.84
-758.36,-552.92,197.39
-760.62,-551.09,166.63
-754.77,-545.75,189.57
-760.69,-551.81,191
-759.1,-568.28,182.72
-756.8,-564.32,180.69
-752.27,-562.18,173.75
-747.77,-556.77,204.63
-749.09,-557.22,193.26
-758.5,-567.29,200.96
-759.19,-553.23,185.26
-746.52,-561.6,196.63
-764.38,-555.28,195.53
-757.54,-554.34,194.34
-759.6,-585.2,193.09
-770.81,-566.78,199
-750.5,-549.95,206.8
-760.52,-561.77,186.47
-758.51,-588.08,176.31
-749.13,-551.36,205.87
-768.88,-571.96,197.01
-764.15,-547.22,205.34
-742.97,-547.55,184.86
-758.26,-547.66,186.39
-756.75,-579.67,201.24
-772.82,-558.73,188.54
-773.77,-569.28,183.57
-743.93,-565.1,186.97
-742.72,-580.76,189.14
-763.68,-566.59,184.58
-742.36,-554.86,188.41
-740.69,-585.11,191.44
-764.05,-560.36,199.68
-743.73,-556.31,197.16
-740.45,-543.26,185.06
-764.99,-567.12,209.93
-755.66,-564,186.98
-763.91,-577.68,175.51
-749.94,-572.28,204.95
-745.93,-580.8,184.05
-743.53,-571.66,194.07
-752.93,-563.88,205.02
-743.74,-550.95,195.72
-751.51,-565.56,176.01
-761.33,-572.49,196.85
-750.23,-568.76,186.67
-751.47,-550.96,193.18
-758.11,-563.84,192.69
-765.15,-572.1,193.93
-751.81,-574.58,194.29
-751.47,-574.57,192.53
-749.97,-554.86,200.19
-767.65,-577.05,185
-747.31,-560.45,171.53
-744.63,-592.87,182.13
-761.81,-568.3,183.82
-762.84,-552.79,195.88
-755.21,-580,187.54
-753.3,-562.69,187.82
-746.99,-560.54,183.33
-754.18,-591.35,170.38
-743.83,-578.57,215.34
-772.51,-551.44,190.66
-756.09,-568.24,192.45
-763.88,-574.99,196.06
-747.41,-555.33,177.12
-754.1,-569.83,185.73
-746.37,-566.72,175.59
-680.83,-599.5,96.017
-637.83,-624.64,38.824
-655.86,-625.56,40.177
-617.16,-648.41,-38.764
-569.93,-683.84,-89.867
-531.41,-697.37,-156.32
-533.2,-689.03,-169.14
-550.8,-703.98,-161.2
-522.75,-699.16,-162.07
-542.91,-688.82,-161.94
-553.93,-683.72,-153.94
-544.37,-704.4,-169.58
-542.77,-686.44,-172.32
-530.32,-694.53,-173.23
-555.36,-703.86,-175.35
-540.86,-714.07,-169.87
-538.99,-702.1,-145.81
-540.13,-695.43,-174.47
-513.68,-718.35,-161.15
-540.62,-710.78,-151.87
-539.05,-700.27,-151.73
-533.16,-696.1,-145.28
-506.25,-702.75,-187.63
-504.57,-701.25,-194.5
-514.77,-695.75,-180.38
-501.27,-683.22,-196
-500.23,-718.35,-199.4
-505.32,-712.62,-200.27
-513.51,-707,-216.67
-454.81,-681.22,-257.83
-365.21,-699.3,-351.08
-318.79,-699.06,-397.3
-257.96,-710.88,-465.03
-198.6,-717.86,-521.09
-128.26,-720.21,-583.73
-92.299,-707.34,-614.46
-56.749,-728.55,-674.91
-56.875,-729.42,-692.62
-9.3658,-734.76,-715.22
78.324,-719.43,-796.4
98.866,-727.31,-827.8
93.577,-717.81,-845.02
109.09,-746.86,-846.64
107.53,-765.01,-846.76
105.67,-718.39,-833.22
96.032,-734.78,-825.15
104.33,-716.78,-823.18
102.16,-731.03,-843.73
122.88,-728.81,-833.16
101.44,-728.65,-822.35
102.01,-719.71,-833.91
108.55,-726.93,-826.45
94.172,-744.4,-832.26
106.4,-733.98,-838.61
115.03,-721.9,-834.07
123.58,-724.03,-831.57
115.61,-722.47,-829.78
111.38,-729.96,-855.52
95.238,-736.82,-844.36
108.86,-727.68,-830.23
87.957,-716.29,-830.14
105.33,-727.27,-815.14
116.05,-731.95,-864.57
110.16,-735.75,-831.76
88.325,-732.15,-821.75
97.392,-735.9,-825.52
108.1,-740.88,-831.74
96.128,-719.89,-829.15
122.68,-705.28,-834.63
110.42,-732.74,-811.66
106.44,-727.61,-830.54
102.62,-728.11,-832.16
104.8,-726.3,-829.29
112.07,-722.83,-857.91
105.23,-725.06,-853.29
101.9,-731.74,-827.38
115.02,-732.02,-827.02
94.49,-724.19,-829.23
116.46,-737.31,-843.22
106.81,-717.07,-824.67
103.15,-706.21,-839.68
105.3,-743.39,-832.04
105.78,-722.7,-850.55
105.04,-728,-826.21
111.4,-720.81,-853.85
95.615,-711.16,-839.74
112.83,-731.29,-843.98
119.02,-712.89,-826.42
111.11,-733.58,-827.36
110.12,-724.52,-837.33
113.98,-741.72,-850.74
103.93,-727.18,-825.25
82.83,-724.54,-831.72
102.21,-710.11,-827.86
106.63,-741.1,-839.17
110.64,-738.14,-845.8
98.529,-729.04,-838.28
97.984,-710.73,-829.32
105.8,-728.6,-839.12
125.95,-732.43,-827.46
104.22,-733.2,-847.12
94.509,-734.95,-849.1
101.69,-729.8,-846.2
107.21,-735.5,-837.72
99.294,-726.12,-838.63
121.26,-718.28,-823.22
106.59,-736.67,-841.94
106.62,-720.91,-830.6
111.57,-716.67,-823.34
115.07,-735.87,-831.92
92.279,-724.09,-851.13
107.63,-727.76,-833.79
86.222,-726.69,-846.82
106.66,-747.86,-821.43
115.41,-722.99,-834.56
100.43,-744.35,-832.18
87.5,-751.02,-830.91
88.955,-731.58,-818.75
98.656,-701.82,-819.27
95.534,-721.09,-832.7
103.29,-719.79,-840.74
100.79,-730.15,-818.48
102.95,-727.5,-834.85
110.63,-726.88,-824.15
107.17,-735.16,-825.62
105.82,-735.85,-834.64
103.78,-712.94,-852.33
95.991,-749.87,-839.73
119.81,-727.85,-845.4
105.23,-720.17,-836.72
105.12,-739.15,-846.98
101.37,-721.36,-834.47
112.08,-716.48,-836.69
100.97,-731.21,-831.46
105.29,-720.38,-837.6
108.62,-730.7,-836.62
108.14,-720.24,-832.75
115.23,-739.95,-848.12
84.859,-730.91,-832.33
97.832,-739.35,-832.66
112.69,-737.24,-832.31
101.17,-729.45,-849.65
111.64,-723.2,-830.77
106.57,-736.81,-818.09
103.29,-716.51,-827.07
121.42,-742.48,-835.78
100.68,-722.88,-843.91
92.42,-730.95,-824.69
92.931,-724.19,-852.36
113.08,-739.45,-838.42
68.378,-725.52,-817.68
38.412,-728.72,-766.74
-30.16,-729.94,-694.47
-52.096,-704.45,-672.24
-137.98,-720.74,-616.5
-157.26,-722.65,-536.15
-217.62,-701.03,-516.76
-253.68,-718.35,-460.62
-297.3,-708.93,-419.64
-381.58,-702.89,-327.3
-422.04,-707.62,-285.96
-448.08,-704.58,-243.95
-502.54,-698.77,-182.44
-526.02,-714.37,-170.03
-532.2,-683.78,-156.82
-515.14,-695.26,-166.62
-527.5,-720.22,-173.62
-519.6,-685.28,-171.29
-538.34,-694.13,-169.22
-520.88,-706.26,-157.63
-535.77,-698.42,-171.79
-550.27,-701.07,-171.33
-520.89,-705.21,-158.23
-541.33,-707.42,-161.34
-533.01,-692.48,-169.95
-524.81,-696.52,-159.48
-532.64,-714.14,-166.73
-514.77,-702.95,-153.72
-534.25,-714.32,-164.26
-530.7,-686.17,-156.31
-533.62,-717.23,-156.67
-527,-717.18,-156.83
-512.75,-705.56,-173.76
-516.47,-685.15,-166.55
-533.37,-700.61,-181.98
-521.19,-697.63,-171.24
-534.63,-701.7,-184.59
-522.39,-700.26,-184.03
-528.46,-695.75,-169.03
-552.09,-710.04,-152.23
-558.04,-681.88,-114.95
-550.36,-672.24,-89.676
-568.38,-609.06,-68.86
-707.1,-576.77,97.45
-719.68,-558.52,176.56
-741.27,-517.53,207.34
-751.93,-526.91,216.22
-758.45,-517.23,204.88
-760.2,-518.4,224.03
-739.51,-540.99,212
-754.13,-546.26,211.24
-741.89,-534.42,202.88
-772.38,-523.85,216.65
-761.3,-536.05,213.22
-739.1,-530.68,217.04
-752.58,-534.19,214.4
-759.01,-528.53,198.88
-758.81,-520.51,214.65
-759.74,-536.2,228.51
-737,-524.04,222.51
-746.14,-527.71,218.65
-747.97,-509.93,237.55
-756.95,-525.98,230.29
-738.71,-516.63,202.57
-764.4,-536.22,226.64
-749.6,-529.3,224.03
-757.27,-544.69,217.25
-745.43,-544.71,207.25
-742.34,-520.62,232.6
-751.13,-538.86,205.6
-754.84,-538.44,201.17
-741.39,-547.83,211.67
-750.48,-533.22,229.63
-747.82,-509.58,198.1
-751.03,-548.22,222.31
-752.59,-533.58,205.45
-773.26,-521.31,215.72
-774.61,-528.81,242.56
-743.43,-521.78,221.24
-724.58,-517.89,223.16
-748.99,-516.72,220.6
-763.78,-520.79,213.77
-733.81,-529.77,245.53
-743.8,-529.56,226.57
-744.86,-530.3,212.66
-749.88,-547.68,233.27
-751.85,-515.14,211.79
-773.59,-524.24,220.5
-738.67,-528.13,224.03
-741.55,-522.15,226.69
-756.82,-529.02,237.4
-750.89,-522.13,199.81
-749.17,-527.35,219.93
-754.13,-529.19,216.67
-737.99,-517.75,212.21
-767.83,-531.67,222.34
-746.31,-535.99,214.91
-758.48,-529.05,217.84
-751.91,-535.73,235.44
-755.61,-507.73,231
-739.75,-529.07,225.76
-753.07,-556.84,222.48
-749.06,-542.46,233.18
-763.72,-532.22,201.48
-744.04,-524.24,206.12
-734.23,-532.08,193.08
-756.91,-527.94,194.42
-754.47,-523.89,217.46
-743.61,-518.29,243.32
-745.36,-508.98,227.56
-758.61,-541.15,209.05
-735.15,-517.98,210.84
-747.19,-540.34,205.65
-747.02,-514.14,207.31
-747.67,-534.86,228.31
-749.17,-514.21,214.88
-740.55,-523.29,228.63
-744.48,-516.19,231.5
-761.29,-529.6,209.93
-758.22,-528.92,224.23
-760.81,-510.84,233.04
-749.69,-531.55,201.88
-767.61,-537.5,223.28
-776.05,-534.88,229.53
-835.05,-610.06,237.1
-851.94,-609.21,230.9
-951.71,-737.11,260.61
-1027.7,-787.26,233.4
-1047.2,-848.13,211.85
-1082.4,-854.33,232.5
-1096.4,-837.97,224.87
-1068.5,-865.98,235.25
-1093.3,-870.65,208.1
-1079.4,-856.84,244.56
-1112.8,-860.49,243.55
-1082.2,-845.43,248.7
-1093.2,-846.66,216.37
-1101.5,-860.33,251.67
-1076.1,-849.96,240.58
-1082.1,-851.67,231.47
-1085.5,-839.03,224.03
-1108.2,-845.54,230.8
-1099.9,-843.96,246.8
-1085.1,-859.94,234.08
-1078.3,-866.62,227.25
-1074.4,-840.57,229.28
-1106.1,-836.75,234.45
-1087.4,-845.08,234.22
-1081.9,-851.89,235.4
-1087.8,-853.27,252.6
-1086.6,-856.86,229.26
-1094.4,-836.3,244.21
-1097.9,-856.39,228.88
-1095.1,-847.29,242.7
-1082.5,-841.43,232.49
-1082.4,-851.27,236.47
-1097.9,-861.28,246.51
-1097.4,-851.12,233.27
-1096.8,-855.88,237.89
-1081.1,-836.25,234.9
-1097.7,-849.96,232.64
-1083.9,-855.13,220.23
-1097.8,-855.56,226.1
-1086.2,-852.91,223.34
-1095.7,-850.15,243.84
-1091.6,-848.64,245.42
-1096.1,-860.07,251.86
-1072.4,-856.78,234.22
-1099.5,-849.76,240.47
-1080.7,-837.12,241.34
-1083,-834.56,241.2
-1076.8,-857.71,239.96
-1091,-849.97,250.41
-1085.3,-858.23,265.23
-1093,-855.68,233.76
-1065.7,-836.87,240.41
-1104,-866.67,229.41
-1086.4,-857.45,245.34
-1099.5,-847.68,228.89
-1083.2,-838.87,224.18
-1089.2,-848.08,247.08
-1106.9,-854.89,231.45
-1088,-852.23,230.68
-1102.7,-862.42,242.18
-1092.8,-849.73,248.78
-1094.8,-865.31,234.1
-1086.9,-869.06,234.87
-1094.8,-854.94,235.66
-1088.9,-862.85,243.03
-1093.5,-863.98,249.71
-1079.5,-853.25,226.57
-1105.4,-850.29,242.47
-1096.1,-853.7,247.06
-1094.4,-843.24,224.17
-1104.2,-847.95,238.19
-1092.9,-851.09,234.45
-1083.2,-857.44,231.62
-1100.3,-849.83,248.85
-1095,-851.49,222.33
-1096.7,-837.03,225.07
-1093.8,-853.22,224.68
-1084.9,-845.73,226.05
-1085.8,-840.19,231.36
-1042.9,-840.95,221.47
